6
31
0.20962329513800415 0.32103559371896706
0.6131323049810377 0.918137740789918
0.608165303013919 0.3098551247951381
0.3735144949408742 0.4548301839521741
0.744978287554653 0.5161088667814487
0.2582598106672772 0.35092922573611174
0.7823612937406137 0.3106468223607546
0.11443269972721537 0.049570856184998235
0.12836790854071978 0.5063847929413453
0.2461150046685171 0.7591740656941147
0.28131852326978235 0.6772607153105762
0.5379334091972491 0.3616151068643507
0.8442234533998361 0.5883162262791657
0.8240739758144261 0.40847491477480136
0.7898180101336502 0.887689263795403
0.08296630771324365 0.16828505117083914
0.5630478390400733 0.8391377981002687
0.8400192971622874 0.7732844512807029
0.6242640939414611 0.9805765245479552
0.32237585504028 0.27191484500233154
0.6076066893873581 0.014321653911738674
0.673042349498256 0.5065083865635649
0.15417585790921273 0.28166969592022917
0.6193730573057138 0.2581075257443316
0.7357504878299498 0.9859846247208713
0.3248663754127571 0.4118135819309694
0.011624436850523168 0.6306553742349383
0.19003920951009623 0.06111694039415905
0.8842374268463261 0.30318468211109706
0.7264739218040499 0.341246854393085
0.25681333796958283 0.7619842605580063